   16
sp2         0.000000  0.935335  0.834494  0.844592  0.918202  0.858114  0.585980  0.763081  0.678217  0.664324  0.889575  0.810591  0.854829  0.948488  0.840554  0.858674
sp11        0.935335  0.000000  0.610932  0.766471  0.684495  0.621318  0.644813  0.486526  0.587798  0.538439  0.673714  0.557977  0.579927  0.598799  0.558127  0.550401
sp7         0.834494  0.610932  0.000000  0.627473  0.654344  0.475981  0.526543  0.390006  0.479762  0.402304  0.599669  0.482484  0.507429  0.545767  0.478748  0.486207
sp6         0.844592  0.766471  0.627473  0.000000  0.743158  0.584667  0.552368  0.526376  0.465048  0.385466  0.682837  0.583769  0.603636  0.643386  0.591630  0.579897
sp10        0.918202  0.684495  0.654344  0.743158  0.000000  0.618155  0.626218  0.468759  0.636033  0.555555  0.508055  0.377005  0.433196  0.486733  0.421364  0.436520
sp16        0.858114  0.621318  0.475981  0.584667  0.618155  0.000000  0.499686  0.350106  0.386818  0.312381  0.594095  0.478224  0.483284  0.551696  0.465630  0.474523
sp3         0.585980  0.644813  0.526543  0.552368  0.626218  0.499686  0.000000  0.396234  0.315972  0.287046  0.628626  0.498931  0.527448  0.579560  0.477492  0.486176
sp15        0.763081  0.486526  0.390006  0.526376  0.468759  0.350106  0.396234  0.000000  0.352118  0.247065  0.450605  0.308435  0.288954  0.367193  0.286639  0.294928
sp4         0.678217  0.587798  0.479762  0.465048  0.636033  0.386818  0.315972  0.352118  0.000000  0.169259  0.595655  0.413943  0.473578  0.560307  0.462406  0.470953
sp5         0.664324  0.538439  0.402304  0.385466  0.555555  0.312381  0.287046  0.247065  0.169259  0.000000  0.504805  0.356258  0.380845  0.460590  0.375643  0.382473
sp9         0.889575  0.673714  0.599669  0.682837  0.508055  0.594095  0.628626  0.450605  0.595655  0.504805  0.000000  0.319445  0.308950  0.348447  0.256954  0.260542
sp8         0.810591  0.557977  0.482484  0.583769  0.377005  0.478224  0.498931  0.308435  0.413943  0.356258  0.319445  0.000000  0.206994  0.250640  0.174291  0.178106
sp12        0.854829  0.579927  0.507429  0.603636  0.433196  0.483284  0.527448  0.288954  0.473578  0.380845  0.308950  0.206994  0.000000  0.214496  0.130181  0.134087
sp1         0.948488  0.598799  0.545767  0.643386  0.486733  0.551696  0.579560  0.367193  0.560307  0.460590  0.348447  0.250640  0.214496  0.000000  0.128462  0.107002
sp13        0.840554  0.558127  0.478748  0.591630  0.421364  0.465630  0.477492  0.286639  0.462406  0.375643  0.256954  0.174291  0.130181  0.128462  0.000000  0.049981
sp14        0.858674  0.550401  0.486207  0.579897  0.436520  0.474523  0.486176  0.294928  0.470953  0.382473  0.260542  0.178106  0.134087  0.107002  0.049981  0.000000
